-0.1835052734574425
-0.20746628767111217
-0.20746628767111217
-0.19448595898696203
-0.19448595898696203
-0.19448595898696203
-0.19448595898696203
-0.1835052734574425
-0.20746628767111217
-0.20746628767111217
-0.19448595898696203
-0.20746628767111217
-0.20746628767111217
-0.20746628767111217
-0.20746628767111217
-0.20746628767111217
-0.19448595898696203
-0.19448595898696203
-0.20746628767111217
-0.20746628767111217
-0.20746628767111217
-0.20746628767111217
-0.20746628767111217
-0.17009092082721897
-0.19448595898696203
-0.20746628767111217
-0.21971374644479222
-0.20746628767111217
-0.1835052734574425
-0.1835052734574425
-0.1835052734574425
-0.19619056024494633
-0.1835052734574425
-0.1835052734574425
-0.1835052734574425
-0.17009092082721897
-0.19448595898696203
-0.1835052734574425
-0.20746628767111217
-0.20746628767111217
-0.1835052734574425
-0.1835052734574425
-0.20746628767111217
-0.1835052734574425
-0.1835052734574425
-0.20746628767111217
-0.20746628767111217
-0.20746628767111217
-0.20746628767111217
-0.20746628767111217
-0.20746628767111217
-0.19448595898696203
-0.19448595898696203
-0.19448595898696203
-0.17009092082721897
-0.20746628767111217
-0.19448595898696203
-0.20746628767111217
-0.19448595898696203
-0.19448595898696203
-0.19448595898696203
-0.20746628767111217
-0.21971374644479222
-0.21971374644479222
-0.21971374644479222
-0.1835052734574425
-0.20746628767111217
-0.2312955596895267
-0.19619056024494633
-0.17389880824653217
-0.19619056024494633
-0.18629258567635407
-0.1608465328235466
-0.15587387307527334
-0.18069629141851
-0.15587387307527334
-0.19448595898696203
-0.19448595898696203
-0.20746628767111217
-0.20746628767111217
-0.1835052734574425
-0.17009092082721897
-0.14707322756120533
-0.14707322756120533
-0.17009092082721897
-0.1835052734574425
-0.19619056024494633
-0.21971374644479222
-0.21971374644479222
-0.21971374644479222
-0.21971374644479222
-0.1835052734574425
-0.1835052734574425
-0.1835052734574425
-0.17009092082721897
-0.14707322756120533
-0.1608465328235466
-0.19619056024494633
-0.19619056024494633
