1.93689745742616
1.99931803353316
1.99931803353316
2.07293313561224
2.07293313561224
2.07293313561224
2.07293313561224
1.93689745742616
1.99931803353316
1.99931803353316
2.07293313561224
1.99931803353316
1.99931803353316
1.99931803353316
1.99931803353316
1.99931803353316
2.07293313561224
2.07293313561224
1.99931803353316
1.99931803353316
1.99931803353316
1.99931803353316
1.99931803353316
2.00590831912162
2.07293313561224
1.99931803353316
1.92985924325347
1.99931803353316
1.93689745742616
1.93689745742616
1.93689745742616
1.87163731433977
1.93689745742616
1.93689745742616
1.93689745742616
2.00590831912162
2.07293313561224
1.93689745742616
1.99931803353316
1.99931803353316
1.93689745742616
1.93689745742616
1.99931803353316
1.93689745742616
1.93689745742616
1.99931803353316
1.99931803353316
1.99931803353316
1.99931803353316
1.99931803353316
1.99931803353316
2.07293313561224
2.07293313561224
2.07293313561224
2.00590831912162
1.99931803353316
2.07293313561224
1.99931803353316
2.07293313561224
2.07293313561224
2.07293313561224
1.99931803353316
1.92985924325347
1.92985924325347
1.92985924325347
1.93689745742616
1.99931803353316
1.86417551636040
1.87163731433977
1.81646329202888
1.87163731433977
1.75815515356236
1.87786941998106
2.07904868922913
2.15113822659178
2.07904868922913
2.07293313561224
2.07293313561224
1.99931803353316
1.99931803353316
1.93689745742616
2.00590831912162
1.94266772662531
1.94266772662531
2.00590831912162
1.93689745742616
1.87163731433977
1.92985924325347
1.92985924325347
1.92985924325347
1.92985924325347
1.93689745742616
1.93689745742616
1.93689745742616
2.00590831912162
1.94266772662531
1.87786941998106
1.87163731433977
1.87163731433977
